-164.831787 58.281223 261.887268
-173.498108 58.271263 260.358734
-181.309036 58.440533 257.757965
-188.103516 58.729286 254.169434
-193.720520 59.077782 249.677704
-197.998993 59.426273 244.367310
-200.777893 59.715027 238.322739
-201.896179 59.884296 231.628525
-201.192780 59.874340 224.369202
-198.506683 59.625416 216.629272
-193.676880 59.077782 208.493271
-188.089828 58.530148 200.579330
-183.115692 58.281223 193.408417
-178.568680 58.271263 186.919113
-174.263031 58.440533 181.050049
-170.012924 58.729286 175.739853
-165.632614 59.077782 170.927124
-160.936310 59.426273 166.550491
-155.738220 59.715027 162.548569
-149.852570 59.884296 158.859955
-143.093567 59.874340 155.423309
-135.275421 59.625420 152.177200
-126.212387 59.077782 149.060257
-118.519325 58.530148 145.319000
-114.487427 58.281223 140.347870
-113.445251 58.271267 134.307343
-114.721397 58.440536 127.357956
-117.644424 58.729286 119.660210
-121.542915 59.077778 111.374611
-125.745438 59.426273 102.661667
-129.580566 59.715027 93.681885
-132.376892 59.884296 84.595749
-133.462982 59.874336 75.563797
-132.167389 59.625416 66.746536
-127.818680 59.077782 58.304459
-122.860458 58.530148 50.021011
-119.943710 58.281223 41.577408
-118.708199 58.271263 32.980667
-118.793671 58.440533 24.237823
-119.839874 58.729286 15.355911
-121.486572 59.077782 6.341965
-123.373489 59.426273 -2.796997
-125.140411 59.715027 -12.053925
-126.427063 59.884296 -21.421783
-126.873199 59.874340 -30.893524
-126.118576 59.625416 -40.462189
-123.802948 59.077782 -50.120636
-120.975861 58.530148 -59.570343
-118.771477 58.281223 -68.511536
-116.956406 58.271267 -76.935455
-115.297256 58.440536 -84.833313
-113.560631 58.729286 -92.196320
-111.513123 59.077778 -99.015717
-108.921356 59.426273 -105.282776
-105.551941 59.715027 -110.988708
-101.171455 59.884296 -116.124786
-95.546524 59.874336 -120.682190
-88.443756 59.625416 -124.652191
-79.629761 59.077782 -128.026062
-70.194633 58.530148 -131.310486
-61.310406 58.281223 -134.908936
-52.866470 58.271267 -138.657532
-44.752213 58.440536 -142.392517
-36.857025 58.729286 -145.950012
-29.070282 59.077778 -149.166168
-21.281384 59.426273 -151.877167
-13.379707 59.715027 -153.919159
-5.254646 59.884296 -155.128326
3.204414 59.874336 -155.340820
12.108093 59.625416 -154.392853
21.566978 59.077782 -152.120514
31.701912 58.530148 -151.203064
42.458771 58.281223 -153.910187
53.685928 58.271263 -159.463715
65.231743 58.440533 -167.085602
76.944588 58.729286 -175.997681
88.672813 59.077778 -185.421783
100.264809 59.426270 -194.579803
111.568932 59.715023 -202.693604
122.433540 59.884293 -208.985046
132.707001 59.874336 -212.676056
142.237701 59.625412 -212.988464
150.873932 59.077782 -209.144104
159.885162 58.530148 -203.115448
170.290710 58.281219 -197.342651
181.564087 58.271263 -191.749237
193.178802 58.440533 -186.258728
204.608368 58.729282 -180.794647
215.326263 59.077778 -175.280457
224.806000 59.426270 -169.639740
232.521027 59.715023 -163.795990
237.944916 59.884293 -157.672699
240.551117 59.874336 -151.193359
239.813171 59.625412 -144.281555
235.204529 59.077782 -136.860718
230.014526 58.530148 -127.945953
227.496460 58.281223 -116.927246
227.069763 58.271267 -104.290497
228.153900 58.440536 -90.521545
230.168365 58.729286 -76.106293
232.532532 59.077778 -61.530609
234.665894 59.426273 -47.280334
235.987854 59.715027 -33.841339
235.917908 59.884296 -21.699554
233.875488 59.874336 -11.340805
229.280060 59.625416 -3.250992
221.551025 59.077782 2.084015
211.476318 58.530148 5.667496
200.485901 58.281223 8.742081
188.962311 58.271263 11.181015
177.287994 58.440533 12.857513
165.845490 58.729286 13.644852
155.017334 59.077782 13.416245
145.186035 59.426273 12.044952
136.734070 59.715027 9.404221
130.043976 59.884296 5.367264
125.498253 59.874340 -0.192657
123.479424 59.625416 -7.402298
124.370033 59.077782 -16.388397
127.424873 58.871044 -25.876144
131.400269 59.564598 -34.566772
135.930786 60.978386 -42.551331
140.651062 62.932346 -49.920959
145.195679 65.246429 -56.766663
149.199249 67.740562 -63.179535
152.296417 70.234695 -69.250610
154.121704 72.548775 -75.071014
154.309784 74.502739 -80.731781
152.495270 75.916527 -86.324005
148.312683 76.610085 -91.938721
141.396729 76.403343 -97.667053
133.396545 76.013985 -102.987091
126.121910 76.202637 -107.304443
119.448418 76.853706 -110.601227
113.251564 77.851578 -112.859558
107.406914 79.080666 -114.061676
101.789970 80.425354 -114.189697
96.276299 81.770035 -113.225769
90.741432 82.999115 -111.152039
85.060905 83.996994 -107.950714
79.110237 84.648056 -103.603912
72.764992 84.836716 -98.093781
65.900703 84.447357 -91.402496
59.278084 83.871819 -86.752014
50.455673 83.229828 -83.544159
39.950119 82.542358 -81.568481
28.278076 81.830353 -80.614380
15.956192 81.114792 -80.471344
3.501099 80.416634 -80.928864
-8.570538 79.756836 -81.776367
-19.742077 79.156372 -82.803345
-29.496872 78.636192 -83.799316
-37.318275 78.217270 -84.553650
-42.689636 77.920563 -84.855865
-45.094337 77.767036 -84.495453
-49.950218 76.851669 -76.667969
-50.730629 75.586090 -67.888092
-48.250656 74.040329 -58.346375
-43.325409 72.284431 -48.233276
-36.769966 70.388443 -37.739197
-29.399429 68.422409 -27.054688
-22.028896 66.456375 -16.370163
-15.473457 64.560387 -5.876114
-10.548210 62.804489 4.237000
-8.068249 61.258724 13.778702
-8.848663 59.993141 22.558533
-13.704540 59.077782 30.386032
-19.345474 58.824974 37.732346
-22.296303 59.391151 45.181839
-23.095047 60.612522 52.713852
-22.279724 62.325283 60.307800
-20.388363 64.365639 67.942993
-17.958977 66.569794 75.598846
-15.529591 68.773949 83.254684
-13.638226 70.814308 90.889893
-12.822899 72.527069 98.483833
-13.621635 73.748444 106.015854
-16.572456 74.314621 113.465340
-22.213406 74.061813 120.811646
-29.174728 73.219353 128.092316
-35.616516 72.155327 135.334335
-41.371422 70.914047 142.501190
-46.272121 69.539818 149.556412
-50.151272 68.076965 156.463470
-52.841541 66.569794 163.185898
-54.175594 65.062630 169.687180
-53.986099 63.599777 175.930832
-52.105713 62.225552 181.880356
-48.367111 60.984268 187.499252
-42.602951 59.920242 192.751022
-34.645908 59.077782 197.599182
-25.848606 58.878899 201.833069
-17.615520 59.594162 205.249359
-9.857067 61.040745 207.822586
-2.483662 63.035816 209.527298
4.594276 65.396545 210.338028
11.466331 67.940109 210.229309
18.222084 70.483665 209.175674
24.951126 72.844391 207.151672
31.743027 74.839462 204.131836
38.687378 76.286041 200.090683
45.873764 77.001312 195.002777
53.391769 76.802429 188.842621
60.775482 75.906044 182.729980
67.601067 74.692932 177.737289
74.021172 73.226440 173.768204
80.188454 71.569901 170.726379
86.255577 69.786674 168.515427
92.375237 67.940102 167.039032
98.700050 66.093529 166.200806
105.382683 64.310303 165.904404
112.575829 62.653770 166.053467
120.432121 61.187275 166.551651
129.104218 59.974163 167.302582
138.744812 59.077782 168.209900
148.317841 58.530151 166.978485
156.772583 58.281227 161.971649
164.239624 58.271271 154.080750
170.849640 58.440536 144.197113
176.733337 58.729290 133.212097
182.021301 59.077782 122.017044
186.844238 59.426277 111.503304
191.332703 59.715027 102.562218
195.617432 59.884296 96.085129
199.829041 59.874340 92.963379
204.098175 59.625416 94.088333
208.555481 59.077782 100.351318
213.207123 58.960510 110.673691
217.843536 59.901405 123.083763
222.271729 61.688835 137.133316
226.298737 64.111160 152.374115
229.731659 66.956757 168.357910
232.377472 70.013992 184.636505
234.043304 73.071213 200.761658
234.536163 75.916809 216.285156
233.663086 78.339142 230.758743
231.231110 80.126564 243.734207
227.047302 81.067459 254.763321
220.918701 80.950195 263.397858
213.252228 79.847588 268.284546
204.701324 78.064316 268.933960
195.442871 75.736526 266.193542
185.653748 73.000336 260.910736
175.510864 69.991875 253.933014
165.191071 66.847282 246.107834
154.871307 63.702698 238.282654
144.728394 60.694237 231.304932
134.939270 57.958046 226.022141
125.680809 55.630249 223.281708
117.129890 53.846977 223.931122
109.463356 52.744370 228.817856
102.156258 52.559254 235.585999
94.598976 53.312576 241.437057
86.841545 54.816647 246.554443
78.933998 56.883785 251.121567
70.926353 59.326294 255.321854
62.868683 61.956497 259.338715
54.811012 64.586700 263.355591
46.803383 67.029205 267.555878
38.895836 69.096344 272.123016
31.138390 70.600418 277.240387
23.581100 71.353737 283.091431
16.273987 71.168625 289.859589
9.423920 70.735786 296.312805
3.061790 70.780334 301.223541
-3.026249 71.166176 304.781982
-9.054024 71.757202 307.178406
-15.235378 72.417313 308.602936
-21.784149 73.010399 309.245789
-28.914173 73.400368 309.297211
-36.839291 73.451111 308.947357
-45.773342 73.026527 308.386444
-55.930164 71.990509 307.804657
-67.523598 70.206970 307.392212
-80.767479 67.539787 307.339294
-93.152466 64.777512 306.479065
-102.400154 62.731049 303.778107
-109.070770 61.297867 299.626648
-113.724564 60.375423 294.414978
-116.921753 59.861176 288.533447
-119.222595 59.652592 282.372284
-121.187302 59.647129 276.321808
-123.376114 59.742249 270.772278
-126.349274 59.835411 266.114014
-130.667023 59.824081 262.737274
-136.889572 59.605717 261.032349
-145.577209 59.077782 261.389526
-155.471146 58.530148 262.259064