2070
2066
2070
2071
2068
2065
2063
2060
2044
2043
2036
2028
2022
2014
2008
2001
1990
1984
1981
1978
1975
1967
1968
1969
1971
1998
2023
2046
2065
2056
2039
2035
2028
2014
2027
2027
2034
2054
2048
2065
2072
2075
2069
2068
2061
2060
2075
2075
2093
2092
2083
2081
2078
2079
2082
2097
2091
2094
2094
2095
2093
2088
2080
2076
2077
2068
2078
2078
2067
2069
2061
2048
2042
2036
2030
2018
2015
2001
2006
1999
1997
1982
1981
1964
1952
1955
1948
1964
1985
2005
2042
2065
2063
2063
2044
2031
2021
2027
2022
2033
2044
2043
2065
2067
2070
2077
2078
2067
2064
2066
2062
2076
2082
2076
2083
2080
2079
2084
2095
2091
2088
2092
2078
2092
2080
2080
2078
2076
2065
2066
2065
2061
2065
2061
2048
2044
2035
2020
2012
2007
1998
2001
1992
1987
1976
1969
1963
1962
1968
1960
1969
1982
2001
2022
2047
2059
2047
2043
2024
2017
2022
2024
2030
2035
2047
2044
2065
2062
2065
2065
2059
2058
2062
2068
2072
2087
2082
2076
2077
2070
2083
2088
2087
2081
2083
2087
2080
2087
2084
2083
2075
2067
2065
2067
2065
2065
2058
2045
2039
2038
2033
2026
2019
2008
2001
2001
1994
1985
1981
1969
1964
1958
1949
1954
1976
2005
2039
2070
2071
2063
2048
2033
2024
2033
2030
2033
2039
2054
2058
2084
2087
2080
2079
2069
2065
2071
2076
2082
2093
2080
2082
2084
2082
2093
2097
2095
2095
2095
2090
2088
2098
2087
2083
2083
2072
2072
2074
2075
2072
2065
2055
2060
2047
2033
2024
2019
2010
2007
2006
1997
1988
1980
1969
1972
1969
1967
1969
1978
2001
2030
2060
2069
2067
2059
2033
2021
2027
2031
2033
2044
2046
2056
2064
2071
2080
2075
2066
2065
2065
2065
2072
2081
2072
2076
2068
2074
2079
2091
2088
2094
2090
2082
2083
2082
2080
2078
2077
2065
2069
2065
2066
2070
2059
2055
2041
2033
2024
2023
2012
2007
2006
2001
1985
1976
1968
1960
1962
1956
1954
1954
1975
1999
2019
2046
2062
2039
2037
2023
2018
2018
2030
2031
2033
2046
2047
2062
2064
2060
2064
2048
2054
2059
2063
2071
2078
2074
2073
2067
2073
2071
2082
2088
2086
2088
2086
2080
2082
2076
2074
2068
2070
2065
2066
2071
2063
2055
2043
2036
2032
2031
2019
2011
2004
1995
1991
1986
1980
1980
1971
1968
1955
1949
1944
1969
2002
2027
2054
2062
2039
2034
2026
2028
2020
2024
2015
2028
2037
2047
2071
2068
2074
2062
2064
2047
2055
2069
2075
2086
2076
2067
2068
2068
2078
2080
2086
2079
2081
2082
2084
2087
2079
2071
2065
2065
2062
2068
2070
2065
2060
2053
2042
2035
2027
2021
2008
2003
1996
1994
1990
1988
1982
1972
1963
1951
1941
1947
1959
1990
2024
2045
2060
2047
2038
2032
2028
2023
2024
2028
2033
2038
2046
2059
2060
2066
2063
2062
2065
2063
2070
2067
2065
2070
2065
2068
2069
2070
2072
2079
2082
2085
2083
2082
2080
2072
2074
2068
2066
2063
2065
2065
2063
2056
2046
2039
2034
2028
2015
2004
2001
1998
1996
1990
1983
1975
1968
1959
1947
1939
1934
1948
1984
2015
2046
2072
2064
2044
2024
2016
2015
2022
2020
2027
2030
2033
2056
2064
2068
2067
2055
2045
2042
2059
2065
2072
2072
2062
2064
2055
2065
2072
2080
2078
2076
2072
2068
2072
2068
2065
2063
2056
2045
2056
2060
2061
2056
2036
2033
2026
2022
2016
2011
2001
1998
1987
1985
1980
1971
1965
1958
1948
1953
1943
1951
1980
1991
2022
2055
2047
2043
2028
2011
2001
2017
2016
2022
2033
2032
2043
2061
2054
2055
2056
2038
2036
2043
2048
2059
2071
2063
2065
2062
2062
2070
2076
2077
2072
2076
2075
2076
2078
2068
2065
2058
2047
2056
2063
2063
2060
2056
2040
2034
2026
2014
2008
2004
1995
1995
1989
1982
1970
1969
1962
1960
1952
1947
1950
1971
1988
2020
2043
2056
2056
2044
2031
2016
2013
2010
2020
2032
2036
2054
2070
2064
2068
2058
2047
2044
2046
2048
2069
2081
2078
2082
2076
2070
2071
2071
2075
2079
2084
2081
2086
2083
2071
2068
2065
2065
2065
2065
2065
2062
2058
2045
2040
2034
2030
2015
2004
2001
2001
2001
1995
1985
1978
1969
1956
1950
1947
1950
1968
1995
2016
2042
2060
2047
2040
2033
2022
2015
2015
2008
2027
2038
2059
2064
2070
2065
2063
2060
2055
2056
2060
2063
2071
2074
2065
2068
2066
2074
2075
2075
2075
2078
2078
2075
2078
2070
2066
2064
2065
2062
2065
2062
2063
2055
2038
2036
2033
2028
2014
2004
1996
1990
1991
1985
1979
1971
1966
1960
1955
1949
1944
1952
1978
2004
2034
2054
2044
2028
2020
2006
2008
2014
2017
2022
2026
2033
2046
2055
2048
2047
2053
2039
2043
2055
2065
2066
2068
2064
2065
2065
2065
2076
2081
2072
2075
2070
2070
2078
2074
2066
2065
2056
2056
2062
2064
2062
2048
2040
2033
2028
2017
2010
2004
2002
1996
1999
1994
1987
1979
1968
1953
1942
1937
1939
1957
1985
2014
2043
2063
2054
2042
2028
2010
2004
2011
2012
2023
2030
2036
2056
2062
2064
2065
2062
2054
2048
2060
2060
2074
2072
2065
2071
2067
2067
2075
2079
2079
2082
2081
2072
2077
2074
2068
2066
2060
2059
2063
2065
2065
2065
2054
2039
2036
2028
2019
2008
1999
1997
2001
1990
1985
1976
1968
1965
1960
1952
1951
1955
1975
2002
2031
2059
2066
2057
2036
2024
2015
2024
2028
2026
2032
2034
2045
2058
2065
2067
2068
2059
2042
2045
2056
2070
2078
2070
2065
2069
2065
2079
2082
2082
2081
2078
2078
2079
2082
2076
2068
2063
2063
2064
2064
2065
2065
2062
2045
2043
2033
2026
2019
2010
2003
2000
1996
1996
1985
1974
1969
1963
1960
1959
1958
1975
2001
2018
2043
2063
2060
2048
2032
2020
2018
2016
2024
2035
2043
2048
2065
2065
2064
2065
2065
2060
2063
2066
2070
2076
2076
2077
2072
2068
2074
2083
2084
2082
2088
2082
2078
2076
2071
2074
2070
2076
2069
2070
2065
2066
2065
2054
2043
2036
2033
2020
2016
2015
2011
2007
2001
1992
1984
1976
1968
1963
1958
1951
1966
1997
2027
2060
2071
2064
2037
2032
2022
2020
2030
2028
2035
2048
2048
2068
2079
2082
2077
2076
2064
2071
2072
2080
2084
2087
2084
2074
2081
2083
2087
2094
2097
2095
2097
2096
2096
2092
2086
2080
2078
2079
2082
2086
2080
2075
2065
2064
2055
2044
2034
2027
2027
2014
2020
2012
2004
1992
1991
1986
1985
1981
1978
1986
2010
2035
2062
2088
2080
2069
2060
2046
2034
2048
2048
2063
2068
2072
2075
2081
2092
2088
2097
2082
2080
2075
2087
2097
2103
2099
2097
2097
2090
2099
2103
2107
2110
2107
2102
2100
2099
2098
2094
2092
2086
2084
2084
2087
2081
2080
2070
2065
2059
2043
2039
2033
2028
2026
2019
2015
2002
2003
1994
1990
1984
1985
1983
1997
2020
2046
2081
2087
2083
2075
2056
2044
2044
2056
2062
2065
2071
2071
2083
2094
2097
2097
2091
2090
2091
2091
2100
2106
2100
2097
2095
2096
2106
2113
2110
2113
2110
2102
2100
2103
2103
2097
2097
2092
2097
2097
2096
2096
2087
2079
2071
2066
2058
2048
2043
2033
2032
2033
2027
2020
2014
2006
2000
1994
1988
1994
1996
2020
2040
2076
2093
2097
2083
2074
2065
2060
2066
2065
2068
2072
2082
2097
2098
2104
2098
2102
2095
2097
2098
2106
2109
2104
2100
2097
2110
2110
2118
2126
2125
2122
2116
2116
2117
2119
2112
2104
2102
2097
2101
2103
2102
2093
2087
2084
2079
2071
2065
2060
2047
2039
2034
2033
2024
2017
2014
2001
2001
2002
2005
2010
2032
2048
2078
2097
2098
2095
2080
2066
2059
2060
2065
2074
2084
2092
2099
2106
2102
2103
2097
2099
2101
2104
2111
2111
2112
2107
2108
2108
2111
2113
2116
2118
2118
2118
2113
2118
2113
2107
2106
2097
2097
2097
2096
2097
2095
2088
2083
2074
2066
2060
2048
2040
2040
2036
2031
2022
2012
2002
2004
1994
1990
1986
1998
2017
2044
2066
2086
2084
2077
2065
2048
2046
2056
2056
2065
2071
2081
2093
2106
2108
2099
2097
2086
2087
2094
2097
2112
2112
2104
2102
2099
2107
2107
2114
2110
2112
2112
2113
2114
2112
2105
2097
2097
2093
2097
2097
2099
2097
2092
2088
2083
2075
2062
2044
2035
2034
2033
2034
2033
2029
2018
2017
2003
1999
1999
1997
2016
2033
2064
2081
2097
2094
2091
2079
2069
2065
2065
2065
2075
2081
2091
2098
2099
2100
2102
2097
2099
2102
2108
2112
2108
2104
2100
2104
2108
2114
2118
2120
2126
2120
2119
2120
2122
2115
2110
2104
2102
2100
2102
2103
2102
2095
2092
2086
2085
2072
2065
2048
2042
2044
2044
2036
2028
2018
2012
2008
2008
2008
2003
2020
2035
2065
2093
2107
2104
2092
2079
2064
2064
2066
2080
2078
2088
2092
2097
2106
2112
2116
2109
2104
2096
2097
2104
2115
2120
2117
2113
2108
2116
2124
2129
2127
2119
2114
2111
2115
2116
2114
2110
2110
2106
2104
2108
2106
2105
2099
2091
2087
2083
2076
2065
2065
2060
2055
2043
2034
2028
2026
2019
2018
2012
2011
2012
2023
2040
2066
2097
2107
2103
2094
2081
2070
2075
2083
2091
2095
2097
2095
2103
2108
2115
2118
2110
2098
2100
2108
2115
2118
2114
2113
2111
2114
2118
2128
2128
2129
2124
2127
2120
2122
2115
2114
2108
2113
2108
2111
2112
2107
2098
2097
2088
2087
2076
2065
2065
2061
2060
2048
2043
2033
2031
2022
2019
2018
2024
2023
2033
2042
2066
2090
2099
2098
2096
2076
2072
2068
2068
2082
2084
2091
2091
2098
2104
2108
2113
2113
2115
2115
2110
2113
2111
2116
2112
2119
2117
2116
2124
2120
2128
2127
2123
2123
2113
2113
2110
2112
2107
2111
2106
2106
2100
2098
2096
2091
2090
2081
2067
2065
2059
2055
2048
2038
2036
2027
2022
2014
2020
2020
2019
2020
2020
2033
2054
2078
2086
2091
2090
2072
2070
2065
2066
2075
2079
2087
2090
2095
2104
2111
2112
2103
2099
2102
2100
2104
2108
2113
2103
2108
2108
2110
2113
2114
2115
2112
2108
2105
2107
2104
2108
2102
2102
2097
2092
2090
2084
2086
2081
2076
2074
2065
2054
2048
2044
2036
2033
2024
2013
2007
2011
2011
2008
2006
2007
2015
2033
2048
2066
2083
2078
2082
2072
2065
2065
2065
2065
2067
2074
2072
2087
2096
2096
2093
2097
2097
2094
2097
2097
2097
2097
2097
2097
2102
2107
2108
2111
2107
2111
2108
2103
2097
2097
2096
2094
2090
2087
2092
2090
2085
2079
2072
2074
2067
2061
2059
2054
2039
2034
2032
2031
2023
2013
2005
2001
2001
2000
2004
2010
2023
2048
2064
2083
2081
2075
2068
2060
2059
2065
2072
2075
2078
2083
2087
2099
2100
2107
2108
2100
2097
2095
2096
2097
2101
2104
2106
2107
2113
2109
2113
2113
2112
2110
2106
2106
2107
2099
2099
2097
2097
2092
2097
2088
2087
2083
2072
2072
2067
2064
2060
2046
2040
2028
2022
2018
2011
2016
2013
2012
2004
2007
2007
2032
2058
2072
2094
2096
2087
2075
2065
2066
2069
2078
2080
2088
2090
2097
2095
2102
2102
2106
2102
2106
2098
2103
2103
2111
2113
2113
2116
2113
2113
2117
2113
2123
2123
2114
2114
2109
2105
2100
2099
2099
2099
2097
2092
2091
2087
2086
2077
2068
2066
2062
2064
2055
2044
2033
2021
2008
2014
2018
2022
2026
2018
2014
2029
2059
2082
2096
2098
2084
2070
2065
2067
2076
2083
2086
2082
2093
2097
2102
2116
2115
2113
2113
2110
2111
2113
2111
2111
2115
2111
2119
2123
2122
2122
2123
2127
2126
2127
2120
2124
2117
2111
2112
2108
2113
2112
2113
2101
2097
2095
2088
2083
2068
2060
2064
2063
2058
2044
2034
2028
2026
2016
2029
2031
2031
2036
2048
2067
2093
2104
2102
2097
2086
2075
2078
2088
2094
2099
2103
2110
2112
2116
2121
2124
2125
2116
2116
2113
2120
2123
2128
2130
2130
2129
2129
2130
2134
2135
2129
2130
2129
2129
2129
2129
2126
2116
2114
2112
2112
2108
2103
2102
2100
2092
2081
2084
2079
2069
2065
2054
2040
2036
2032
2028
2033
2033
2035
2035
2040
2067
2090
2111
2124
2115
2108
2088
2086
2080
2094
2103
2108
2113
2117
2118
2129
2131
2130
2132
2129
2128
2126
2130
2134
2135
2135
2135
2140
2135
2140
2140
2147
2143
2140
2139
2129
2130
2125
2128
2127
2124
2126
2123
2122
2124
2114
2113
2100
2098
2086
2081
2072
2071
2065
2059
2056
2043
2046
2041
2043
2036
2045
2053
2068
2097
2112
2122
2126
2111
2107
2106
2103
2111
2113
2115
2113
2120
2125
2134
2143
2142
2145
2138
2134
2132
2139
2141
2142
2144
2134
2141
2145
2144
2154
2152
2148
2151
2144
2146
2145
2142
2131
2130
2125
2125
2127
2128
2127
2127
2116
2113
2097
2094
2082
2080
2077
2066
2065
2054
2054
2040
2043
2034
2035
2035
2065
2087
2112
2129
2129
2116
2115
2110
2102
2111
2104
2112
2111
2116
2124
2139
2144
2142
2139
2128
2129
2139
2147
2148
2147
2144
2132
2142
2147
2154
2165
2160
2159
2157
2157
2154
2148
2146
2139
2135
2131
2134
2138
2138
2132
2131
2128
2117
2113
2102
2097
2097
2086
2079
2072
2065
2060
2059
2048
2040
2044
2044
2043
2070
2097
2113
2135
2130
2125
2114
2102
2098
2099
2104
2108
2119
2128
2131
2147
2150
2142
2139
2135
2130
2136
2150
2156
2156
2151
2144
2147
2150
2151
2161
2159
2154
2150
2150
2154
2152
2148
2142
2135
2135
2132
2135
2130
2127
2129
2123
2113
2108
2097
2095
2094
2084
2079
2071
2060
2055
2040
2033
2035
2033
2031
2042
2065
2092
2115
2129
2129
2119
2111
2098
2099
2103
2105
2111
2112
2115
2123
2132
2139
2143
2129
2124
2128
2129
2140
2141
2140
2129
2129
2129
2140
2145
2148
2150
2146
2151
2148
2152
2144
2141
2131
2129
2129
2129
2129
2128
2127
2113
2109
2100
2100
2093
2092
2080
2077
2066
2048
2047
2044
2044
2037
2039
2032
2037
2043
2068
2084
2112
2121
2116
2113
2111
2097
2100
2097
2097
2106
2108
2113
2129
2129
2132
2131
2129
2129
2129
2134
2138
2145
2136
2130
2135
2132
2142
2147
2151
2145
2150
2146
2151
2151
2143
2140
2130
2129
2129
2129
2129
2129
2127
2119
2113
2113
2100
2097
2087
2084
2079
2081
2067
2063
2046
2038
2035
2035
2043
2040
2058
2068
2092
2113
2129
2127
2115
2104
2091
2086
2094
2099
2111
2114
2126
2128
2130
2132
2141
2136
2128
2129
2129
2140
2145
2146
2144
2139
2140
2139
2150
2148
2151
2152
2149
2145
2142
2145
2143
2136
2137
2132
2129
2130
2132
2131
2120
2116
2113
2108
2097
2097
2094
2087
2083
2072
2063
2054
2045
2048
2041
2042
2047
2048
2072
2088
2116
2135
2133
2129
2113
2101
2099
2100
2113
2116
2118
2118
2130
2129
2134
2141
2130
2131
2133
2136
2138
2146
2139
2140
2144
2140
2148
2150
2152
2148
2147
2150
2155
2155
2151
2149
2139
2132
2134
2131
2132
2132
2129
2128
2118
2113
2100
2097
2094
2083
2080
2081
2071
2065
2063
2056
2047
2041
2045
2048
2058
2077
2092
2116
2126
2128
2125
2116
2099
2104
2098
2098
2110
2110
2116
2126
2132
2135
2143
2136
2126
2129
2131
2135
2142
2145
2131
2140
2143
2145
2158
2151
2156
2151
2147
2144
2149
2145
2139
2138
2126
2126
2130
2128
2131
2129
2121
2113
2112
2104
2095
2092
2088
2084
2080
2075
2064
2061
2054
2047
2040
2038
2038
2044
2065
2088
2107
2122
2129
2117
2109
2099
2097
2097
2104
2111
2115
2117
2124
2130
2134
2132
2130
2129
2129
2130
2140
2149
2144
2140
2139
2131
2134
2140
2144
2150
2147
2148
2146
2150
2150
2140
2135
2129
2129
2129
2129
2129
2130
2128
2111
2110
2102
2098
2094
2094
2087
2082
2072
2065
2059
2055
2044
2048
2044
2044
2047
2054
2067
2097
2120
2129
2131
2126
2111
2099
2102
2107
2111
2116
2118
2120
2130
2135
2140
2145
2136
2134
2135
2136
2146
2149
2143
2140
2139
2140
2151
2156
2160
2161
2159
2158
2149
2152
2148
2147
2144
2140
2136
2139
2134
2135
2129
2132
2123
2121
2112
2104
2097
2097
2093
2091
2077
2072
2064
2063
2065
2064
2064
2064
2067
2081
2110
2120
2131
2131
2118
2113
2108
2114
2122
2131
2129
2129
2133
2134
2138
2152
2151
2148
2145
2144
2151
2161
2161
2161
2155
2148
2150
2159
2160
2164
2168
2164
2161
2161
2161
2161
2161
2156
2150
2151
2145
2143
2146
2143
2138
2139
2132
2129
2114
2113
2102
2098
2097
2091
2083
2076
2068
2065
2065
2063
2068
2072
2096
2114
2133
2154
2146
2142
2129
2120
2116
2123
2127
2129
2135
2143
2156
2161
2162
2164
2156
2150
2148
2159
2162
2161
2167
2161
2161
2163
2166
2172
2175
2171
2172
2172
2167
2170
2166
2161
2162
2160
2156
2160
2156
2155
2148
2143
2129
2129
2128
2116
2113
2103
2102
2098
2092
2086
2079
2065
2066
2065
2065
2064
2075
2096
2111
2130
2140
2143
2129
2124
2113
2111
2113
2116
2126
2129
2140
2150
2148
2155
2156
2144
2142
2150
2151
2161
2161
2156
2152
2155
2161
2164
2172
2163
2164
2162
2161
2161
2162
2161
2158
2146
2146
2147
2149
2154
2147
2144
2134
2129
2124
2123
2113
2103
2099
2092
2094
2086
2081
2076
2066
2055
2052
2042
2043
2056
2076
2097
2124
2136
2137
2131
2122
2112
2111
2112
2113
2114
2122
2127
2135
2146
2150
2152
2145
2141
2139
2148
2150
2155
2148
2150
2145
2146
2156
2157
2162
2160
2163
2161
2161
2161
2155
2150
2145
2143
2134
2141
2144
2136
2138
2128
2128
2120
2118
2107
2097
2097
2088
2086
2077
2068
2066
2059
2055
2047
2056
2054
2067
2075
2097
2113
2126
2128
2126
2115
2099
2102
2099
2103
2115
2129
2131
2134
2144
2135
2140
2133
2129
2136
2136
2147
2146
2152
2142
2150
2151
2148
2155
2152
2152
2157
2154
2156
2152
2143
2140
2136
2136
2140
2139
2140
2132
2129
2124
2116
2117
2112
2099
2096
2092
2083
2083
2076
2066
2062
2048
2047
2044
2043
2038
2042
2065
2088
2113
2132
2131
2124
2111
2098
2099
2110
2111
2115
2125
2123
2134
2134
2140
2143
2135
2134
2131
2136
2142
2148
2145
2144
2140
2136
2145
2146
2158
2158
2161
2161
2149
2150
2145
2145
2140
2146
2140
2142
2139
2134
2129
2127
2115
2114
2104
2097
2095
2088
2086
2086
2075
2062
2058
2048
2048
2048
2062
2056
2063
2083
2097
2122
2132
2131
2124
2113
2103
2106
2111
2117
2124
2126
2128
2129
2138
2143
2141
2140
2136
2144
2141
2148
2156
2154
2153
2154
2156
2158
2166
2162
2167
2163
2156
2161
2157
2160
2161
2154
2147
2142
2140
2140
2145
2144
2135
2129
2122
2114
2109
2106
2108
2097
2095
2082
2068
2060
2055
2060
2065
2062
2061
2065
2080
2100
2127
2146
2140
2135
2117
2106
2107
2113
2113
2129
2128
2129
2141
2148
2150
2155
2148
2143
2143
2150
2156
2161
2159
2156
2152
2155
2161
2166
2163
2170
2164
2168
2161
2166
2161
2161
2159
2151
2150
2147
2155
2149
2147
2140
2130
2129
2116
2113
2110
2108
2097
2097
2091
2075
2070
2065
2065
2065
2065
2067
2068
2094
2112
2130
2158
2148
2136
2124
2113
2112
2115
2128
2129
2139
2141
2143
2154
2156
2156
2155
2152
2148
2150
2159
2162
2162
2161
2159
2161
2160
2161
2168
2170
2174
2171
2161
2161
2159
2160
2158
2156
2152
2148
2147
2142
2138
2133
2131
2120
2118
2111
2112
2104
2098
2097
2082
2076
2065
2061
2062
2065
2065
2065
2076
2082
2102
2136
2144
2145
2140
2120
2114
2111
2118
2120
2130
2129
2136
2143
2151
2154
2148
2151
2144
2146
2145
2158
2160
2156
2161
2159
2164
2164
2165
2162
2173
2169
2165
2168
2163
2161
2160
2159
2150
2145
2143
2147
2148
2140
2138
2132
2129
2127
2113
2108
2104
2099
2097
2094
2087
2082
2076
2066
2065
2065
2065
2071
2079
2103
2123
2136
2143
2143
2129
2122
2113
2113
2113
2129
2129
2135
2138
2150
2155
2157
2154
2149
2151
2148
2150
2156
2154
2152
2156
2156
2157
2161
2163
2161
2167
2166
2162
2161
2158
2159
2149
2150
2146
2150
2147
2143
2140
2134
2132
2129
2123
2114
2108
2099
2094
2091
2086
2077
2071
2068
2060
2059
2054
2055
2065
2079
2097
2115
2129
2129
2129
2129
2119
2122
2116
2113
2113
2120
2129
2133
2144
2143
2147
2145
2145
2144
2146
2150
2150
2148
2140
2144
2149
2154
2161
2161
2163
2163
2161
2161
2163
2159
2151
2144
2145
2140
2143
2145
2144
2139
2131
2129
2116
2116
2108
2104
2097
2095
2085
2080
2072
2064
2062
2048
2056
2055
2048
2064
2075
2090
2106
2120
2129
2120
2124
2108
2103
2101
2100
2113
2115
2124
2129
2140
2140
2145
2143
2139
2136
2143
2146
2146
2148
2149
2146
2151
2156
2159
2160
2156
2155
2156
2159
2159
2156
2148
2145
2139
2139
2139
2143
2135
2134
2129
2119
2121
2113
2110
2098
2097
2090
2090
2080
2068
2065
2056
2044
2038
2040
2038
2047
2065
2090
2113
2134
2140
2133
2121
2110
2100
2110
2110
2115
2118
2129
2139
2152
2151
2154
2145
2137
2135
2144
2154
2156
2160
2156
2148
2154
2152
2161
2160
2164
2161
2162
2168
2162
2164
2161
2154
2151
2146
2144
2143
2148
2143
2135
2129
2124
2117
2112
2111
2101
2097
2090
2084
2077
2066
2062
2055
2046
2054
2065
2075
2094
2107
2124
2135
2130
2129
2124
2118
2118
2123
2122
2124
2128
2133
2146
2155
2160
2156
2151
2151
2152
2158
2161
2161
2159
2152
2158
2161
2161
2168
2177
2171
2172
2171
2171
2161
2161
2152
2154
2148
2155
2156
2154
2150
2142
2138
2129
2125
2126
2115
2111
2099
2097
2092
2094
2081
2078
2072
2065
2060
2060
2062
2066
2092
2110
2135
2150
2143
2144
2132
2114
2113
2122
2120
2132
2144
2139
2148
2147
2155
2158
2161
2154
2154
2154
2159
2164
2167
2162
2158
2158
2161
2164
2176
2174
2177
2171
2168
2171
2168
2161
2162
2155
2156
2159
2156
2156
2159
2144
2142
2133
2128
2118
2112
2104
2099
2097
2088
2086
2078
2071
2058
2059
2054
2062
2072
2097
2115
2139
2157
2154
2154
2141
2126
2123
2118
2116
2132
2140
2152
2156
2159
2156
2159
2156
2155
2156
2157
2161
2170
2168
2171
2170
2167
2171
2172
2175
2177
2179
2178
2180
2178
2177
2166
2164
2161
2161
2158
2161
2157
2151
2152
2145
2146
2132
2118
2114
2108
2103
2107
2098
2094
2078
2071
2063
2065
2064
2065
2071
2094
2115
2144
2156
2161
2152
2135
2123
2116
2121
2124
2140
2150
2151
2161
2161
2171
2163
2163
2161
2155
2159
2161
2172
2177
2177
2171
2170
2172
2175
2178
2180
2180
2177
2177
2174
2175
2164
2168
2163
2167
2162
2161
2161
2157
2152
2144
2137
2128
2120
2119
2116
2112
2100
2095
2075
2064
2060
2056
2065
2065
2069
2091
2113
2140
2161
2161
2151
2146
2130
2122
2125
2129
2136
2146
2150
2155
2164
2166
2174
2170
2160
2150
2161
2163
2174
2177
2171
2171
2167
2174
2177
2183
2179
2179
2177
2176
2177
2182
2179
2172
2164
2159
2158
2162
2161
2161
2159
2142
2134
2130
2124
2116
2113
2109
2099
2096
2085
2079
2078
2066
2068
2065
2063
2066
2095
2113
2148
2163
2159
2152
2131
2118
2123
2128
2126
2131
2141
2140
2159
2161
2163
2167
2161
2146
2148
2149
2159
2171
2177
2172
2167
2166
2168
2173
2171
2174
2172
2166
2166
2171
2167
2174
2165
2161
2150
2150
2151
2150
2151
2142
2140
2129
2129
2118
2119
2113
2104
2098
2085
2079
2072
2071
2066
2068
2060
2060
2064
2086
2113
2131
2154
2147
2146
2131
2128
2123
2128
2124
2130
2139
2150
2162
2168
2162
2161
2158
2148
2156
2156
2161
2164
2164
2161
2162
2158
2161
2165
2165
2163
2171
2166
2172
2171
2166
2162
2162
2159
2155
2159
2151
2152
2142
2142
2140
2130
2123
2108
2103
2096
2096
2094
2092
2076
2065
2055
2048
2048
2062
2065
2072
2097
2109
2140
2146
2143
2130
2120
2112
2114
2116
2127
2129
2130
2129
2139
2144
2156
2156
2148
2142
2140
2141
2147
2159
2155
2155
2152
2150
2159
2162
2165
2164
2165
2156
2162
2162
2158
2160
2155
2144
2140
2140
2135
2134
2134
2129
2128
2115
2107
2102
2099
2092
2096
2084
2072
2069
2065
2055
2046
2055
2047
2048
2072
2094
2113
2132
2135
2128
2124
2111
2101
2103
2112
2112
2123
2124
2129
2142
2146
2147
2146
2134
2131
2142
2144
2154
2160
2157
2147
2148
2143
2154
2158
2159
2161
2158
2152
2152
2156
2152
2146
2140
2134
2139
2140
2138
2134
2131
2128
2119
2113
2109
2099
2094
2086
2084
2069
2063
2060
2046
2040
2032
2038
2042
2055
2085
2102
2118
2130
2124
2121
2111
2106
2100
2108
2114
2117
2128
2130
2144
2147
2150
2143
2136
2143
2136
2145
2155
2151
2147
2150
2147
2154
2160
2158
2161
2156
2161
2159
2159
2158
2157
2150
2149
2147
2145
2140
2139
2133
2129
2129
2127
2116
2110
2097
2091
2088
2080
2081
2075
2065
2060
2048
2039
2038
2033
2038
2061
2088
2113
2134
2143
2142
2129
2123
2113
2107
2112
2111
2124
2134
2135
2146
2147
2146
2142
2140
2143
2140
2144
2148
2154
2155
2151
2152
2150
2156
2160
2155
2161
2160
2163
2161
2161
2159
2147
2148
2135
2139
2135
2133
2129
2130
2127
2125
2117
2103
2099
2093
2085
2080
2075
2065
2061
2053
2047
2040
2048
2038
2063
2091
2110
2134
2143
2136
2129
2120
2104
2113
2116
2114
2128
2129
2136
2146
2151
2161
2159
2150
2144
2143
2143
2156
2162
2161
2162
2159
2161
2162
2168
2165
2164
2164
2161
2165
2161
2161
2156
2161
2155
2152
2156
2151
2146
2139
2138
2129
2130
2120
2108
2108
2099
2096
2093
2083
2069
2061
2040
2035
2043
2047
2059
2085
2103
2131
2163
2161
2151
2138
2114
2111
2112
2126
2134
2147
2144
2147
2161
2159
2163
2166
2160
2155
2152
2151
2161
2166
2161
2162
2171
2167
2174
2180
2177
2178
2176
2176
2175
2174
2168
2170
2164
2158
2159
2158
2155
2152
2152
2145
2136
2130
2113
2108
2102
2099
2097
2083
2070
2067
2061
2047
2048
2043
2046
2074
2110
2134
2161
2160
2144
2130
2113
2113
2129
2134
2129
2130
2134
2142
2162
2168
2176
2163
2153
2142
2147
2160
2173
2182
2172
2168
2160
2164
2176
2182
2182
2183
2177
2173
2177
2179
2173
2168
2161
2158
2158
2160
2161
2161
2151
2144
2134
2127
2114
2111
2106
2097
2098
2097
2087
2080
2070
2060
2039
2042
2040
2060
2098
2115
2152
2162
2151
2134
2128
2112
2118
2129
2123
2139
2144
2145
2160
2172
2165
2172
2161
2148
2152
2162
2162
2177
2177
2169
2170
2170
2168
2176
2180
2174
2176
2178
2172
2182
2175
2167
2161
2158
2154
2159
2162
2159
2155
2143
2132
2127
2121
2110
2113
2104
2094
2093
2080
2069
2065
2055
2033
2034
2033
2038
2083
2113
2146
2174
2162
2150
2129
2113
2103
2120
2115
2128
2143
2136
2156
2164
2167
2163
2162
2144
2140
2150
2148
2166
2164
2161
2164
2164
2165
2171
2171
2171
2172
2172
2164
2176
2168
2164
2156
2155
2148
2149
2155
2148
2154
2144
2131
2129
2119
2104
2099
2092
2087
2088
2087
2074
2068
2065
2046
2040
2035
2033
2066
2097
2122
2155
2160
2148
2134
2127
2113
2112
2113
2113
2120
2126
2132
2156
2161
2163
2160
2146
2134
2140
2146
2155
2163
2160
2156
2157
2155
2158
2165
2166
2161
2160
2162
2161
2161
2153
2144
2143
2131
2141
2143
2146
2144
2137
2129
2123
2113
2098
2097
2094
2084
2085
2083
2067
2061
2048
2036
2034
2032
2020
2035
2066
2092
2129
2140
2136
2130
2116
2109
2100
2104
2107
2116
2123
2126
2140
2142
2146
2146
2143
2131
2129
2131
2136
2150
2152
2155
2148
2145
2150
2150
2158
2160
2161
2160
2154
2155
2156
2152
2151
2146
2144
2139
2139
2138
2135
2133
2128
2125
2114
2103
2092
2088
2081
2084
2076
2068
2055
2042
2026
2024
2033
2028
2048
2079
2098
2132
2151
2131
2124
2113
2097
2104
2113
2113
2116
2124
2117
2134
2135
2144
2145
2142
2128
2131
2135
2138
2155
2152
2146
2146
2143
2148
2160
2160
2160
2160
2156
2156
2162
2156
2156
2146
2140
2131
2136
2131
2132
2136
2129
2115
2115
2110
2096
2095
2082
2079
2079
2072
2063
2058
2038
2024
2018
2012
2018
2037
2076
2095
2130
2135
2129
2120
2104
2087
2090
2091
2095
2111
2111
2117
2128
2138
2134
2136
2134
2120
2129
2129
2132
2142
2142
2138
2131
2131
2133
2151
2150
2148
2151
2144
2145
2141
2143
2134
2131
2124
2125
2127
2127
2123
2122
2113
2102
2097
2087
2075
2070
2068
2063
2065
2057
2044
2033
2018
2007
2002
2004
2001
2035
2067
2097
2129
2126
2113
2101
2088
2068
2076
2076
2084
2098
2106
2113
2129
2128
2127
2123
2113
2108
2113
2116
2126
2131
2126
2127
2129
2129
2132
2139
2142
2139
2138
2132
2134
2134
2127
2122
2119
2116
2119
2122
2117
2113
2107
2097
2094
2090
2078
2076
2074
2064
2047
2042
2035
2033
2033
2020
2004
2000
2002
2028
2065
2097
2123
2124
2109
2098
2094
2092
2091
2084
2087
2092
2097
2109
2125
2135
2133
2129
2116
2115
2123
2127
2132
2132
2128
2128
2129
2130
2136
2140
2144
2140
2135
2140
2145
2141
2135
2129
2129
2125
2124
2127
2124
2125
2118
2114
2108
2100
2100
2090
2080
2074
2065
2065
2058
2047
2048
2033
2022
2027
2016
2023
2048
2079
2099
2122
2124
2128
2118
2098
2100
2097
2100
2104
2114
2119
2129
2135
2135
2140
2132
2124
2126
2132
2140
2143
2146
2136
2132
2132
2137
2145
2148
2148
2155
2152
2150
2156
2147
2142
2137
2134
2129
2131
2132
2135
2131
2129
2119
2112
2108
2097
2094
2086
2072
2075
2070
2065
2056
2046
2033
2033
2032
2029
2033
2048
2078
2112
2129
2134
2140
2118
2098
2096
2096
2097
2108
2112
2119
2130
2135
2143
2145
2139
2129
2129
2134
2140
2152
2149
2155
2152
2150
2151
2158
2161
2162
2162
2161
2162
2162
2156
2152
2146
2144
2134
2139
2132
2142
2135
2131
2126
2120
2113
2104
2097
2090
2076
2082
2072
2070
2065
2045
2034
2028
2024
2027
2040
2078
2098
2127
2142
2133
2124
2112
2091
2094
2097
2100
2113
2120
2127
2130
2142
2139
2144
2138
2130
2135
2132
2145
2146
2155
2145
2144
2149
2146
2156
2157
2156
2154
2160
2150
2155
2150
2146
2148
2136
2132
2134
2129
2132
2129
2130
2120
2116
2107
2092
2090
2080
2075
2071
2065
2060
2048
2034
2027
2027
2016
2018
2044
2069
2097
2129
2139
2130
2123
2107
2097
2099
2100
2099
2113
2113
2124
2134
2143
2135
2142
2128
2115
2129
2133
2148
2155
2145
2139
2139
2134
2143
2159
2161
2160
2158
2150
2150
2156
2155
2143
2140
2128
2129
2132
2133
2134
2129
2123
2113
2108
2099
2092
2090
2081
2070
2067
2062
2048
2055
2043
2032
2022
2018
2018
2046
2076
2104
2129
2135
2129
2124
2113
2094
2095
2087
2092
2108
2114
2129
2140
2145
2145
2140
2136
2129
2129
2129
2129
2141
2139
2148
2145
2148
2152
2151
2152
2152
2148
2147
2147
2150
2140
2136
2134
2129
2129
2129
2129
2129
2126
2120
2115
2115
2103
2092
2088
2078
2075
2068
2065
2060
2048
2040
2031
2018
2017
2022
2048
2082
2112
2130
2139
2125
2118
2103
2099
2098
2103
2104
2112
2125
2126
2135
2134
2136
2133
2129
2127
2133
2143
2144
2147
2143
2140
2132
2140
2140
2155
2158
2159
2160
2160
2159
2155
2148
2139
2132
2133
2135
2141
2142
2134
2133
2123
2116
2113
2101
2097
2094
2091
2080
2071
2064
2065
2056
2055
2039
2039
2033
2034
2052
2080
2109
2130
2145
2136
2120
2108
2108
2110
2115
2114
2120
2122
2130
2144
2159
2161
2156
2142
2131
2140
2146
2161
2161
2159
2150
2151
2150
2162
2175
2175
2171
2164
2159
2161
2161
2162
2160
2153
2140
2147
2146
2151
2148
2139
2132
2129
2128
2118
2112
2101
2096
2094
2087
2082
2082
2071
2064
2047
2038
2039
2045
2065
2095
2127
2146
2156
2146
2129
2118
2107
2112
2118
2126
2130
2141
2146
2159
2161
2160
2152
2159
2146
2150
2159
2163
2167
2163
2161
2164
2166
2168
2168
2175
2168
2172
2176
2174
2177
2172
2164
2156
2151
2155
2160
2161
2160
2152
2140
2134
2131
2125
2116
2111
2100
2095
2094
2086
2079
2070
2063
2048
2043
2054
2060
2078
2110
2129
2147
2161
2153
2142
2132
2119
2119
2128
2129
2144
2150
2158
2164
2171
2170
2161
2163
2159
2161
2168
2176
2177
2170
2166
2168
2177
2177
2180
2183
2180
2180
2177
2180
2177
2176
2168
2166
2161
2164
2163
2164
2163
2161
2154
2143
2140
2130
2120
2119
2108
2109
2108
2097
2084
2076
2068
2062
2065
2065
2072
2097
2119
2138
2171
2171
2166
2155
2129
2126
2127
2134
2135
2157
2161
2164
2174
2180
2175
2177
2168
2163
2167
2168
2177
2180
2179
2176
2177
2180
2188
2192
2193
2193
2195
2188
2190
2185
2179
2179
2176
2167
2170
2171
2175
2171
2166
2160
2154
2150
2140
2132
2129
2119
2117
2119
2103
2100
2092
2087
2078
2080
2074
2078
2100
2122
2150
2174
2180
2166
2161
2139
2136
2138
2143
2148
2164
2163
2177
2186
2186
2182
2184
2174
2175
2172
2179
2193
2196
2187
2184
2184
2182
2191
2198
2200
2200
2199
2193
2194
2196
2193
2193
2183
2180
2183
2180
2183
2178
2178
2167
2164
2161
2148
2145
2131
2129
2118
2118
2114
2108
2107
2097
2094
2078
2071
2079
2092
2124
2136
2166
2178
2172
2168
2161
2158
2147
2147
2156
2159
2173
2174
2182
2191
2177
2179
2177
2178
2187
2193
2193
2191
2193
2192
2187
2196
2193
2199
2202
2204
2200
2209
2204
2200
2204
2193
2188
2184
2184
2183
2189
2178
2176
2168
2161
2155
2150
2143
2135
2132
2126
2126
2119
2111
2099
2092
2088
2080
2081
2082
2097
2125
2148
2177
2185
2186
2166
2152
2142
2141
2143
2152
2159
2159
2171
2175
2188
2195
2192
2192
2181
2180
2179
2187
2193
2195
2193
2193
2190
2196
2196
2209
2209
2207
2206
2198
2199
2195
2188
2182
2184
2182
2181
2185
2179
2176
2173
2161
2155
2150
2142
2136
2132
2129
2126
2116
2113
2104
2100
2090
2086
2081
2077
2094
2119
2144
2167
2186
2177
2170
2160
2147
2150
2152
2155
2160
2161
2168
2181
2193
2193
2193
2186
2180
2181
2192
2200
2195
2193
2188
2190
2191
2197
2200
2207
2203
2198
2200
2195
2193
2193
2190
2187
2179
2184
2180
2184
2180
2175
2166
2161
2158
2152
2145
2136
2129
2122
2119
2111
2113
2108
2092
2081
2078
2081
2081
2100
2124
2146
2177
2186
2178
2164
2155
2140
2145
2148
2151
2158
2171
2171
2186
2192
2193
2189
2182
2177
2178
2186
2192
2194
2190
2193
2193
2193
2194
2202
2205
2202
2200
2205
2199
2194
2193
2188
2182
2183
2184
2186
2187
2177
2174
2171
2161
2160
2148
2140
2138
2129
2129
2126
2113
2099
2095
2094
2085
2080
2078
2081
2106
2129
2161
2186
2187
2172
2162
2150
2140
2147
2148
2159
2164
2167
2173
2190
2191
2193
2192
2180
2177
2185
2192
2193
2196
2193
2193
2187
2186
2200
2205
2208
2207
2204
2193
2197
2196
2193
2191
2186
2187
2187
2182
2184
2179
2177
2171
2161
2155
2143
2144
2140
2129
2122
2117
2111
2108
2102
2100
2097
2088
2078
2088
2109
2130
2154
2178
2176
2172
2161
2151
2146
2149
2151
2157
2163
2164
2172
2182
2183
2188
2186
2175
2174
2180
2192
2190
2188
2184
2187
2190
2193
2199
2207
2203
2200
2198
2193
2196
2193
2191
2189
2183
2183
2181
2182
2177
2176
2170
2166
2161
2152
2146
2135
2133
2129
2122
2114
2104
2101
2098
2096
2092
2088
2086
2096
2115
2142
2165
2187
2179
2177
2161
2150
2147
2146
2156
2160
2163
2176
2179
2187
2190
2192
2184
2186
2187
2190
2193
2195
2194
2200
2194
2198
2199
2203
2208
2208
2206
2196
2200
2197
2198
2200
2193
2193
2188
2189
2180
2183
2179
2177
2172
2164
2161
2151
2143
2139
2129
2130
2122
2112
2111
2099
2094
2094
2096
2097
2108
2124
2142
2161
2179
2176
2175
2166
2158
2158
2158
2150
2161
2164
2177
2187
2196
2196
2195
2191
2192
2192
2193
2196
2199
2193
2190
2191
2195
2200
2208
2206
2209
2204
2206
2211
2208
2205
2194
2192
2192
2191
2193
2192
2191
2184
2178
2168
2168
2161
2154
2144
2134
2131
2127
2124
2118
2106
2102
2097
2095
2096
2097
2113
2128
2145
2161
2182
2176
2177
2167
2158
2152
2160
2162
2172
2174
2174
2176
2176
2187
2190
2194
2191
2193
2195
2193
2196
2193
2195
2194
2193
2194
2200
2208
2207
2204
2207
2199
2197
2193
2190
2193
2187
2180
2177
2178
2172
2172
2170
2168
2161
2155
2139
2142
2136
2129
2118
2113
2110
2103
2097
2094
2095
2081
2095
2106
2123
2145
2168
2184
2180
2167
2160
2152
2152
2152
2159
2161
2164
2170
2177
2182
2189
2190
2192
2185
2192
2190
2199
2194
2195
2190
2191
2189
2193
2195
2202
2206
2206
2203
2206
2195
2194
2192
2186
2183
2178
2182
2177
2181
2177
2177
2171
2160
2156
2141
2136
2130
2127
2119
2113
2108
2103
2096
2097
2095
2093
2085
2088
2112
2130
2159
2177
2179
2171
2160
2148
2138
2144
2152
2161
2166
2162
2174
2180
2180
2187
2183
2181
2176
2182
2183
2189
2193
2185
2188
2180
2189
2193
2195
2195
2199
2200
2194
2196
2196
2193
2192
2180
2178
2174
2177
2174
2177
2171
2165
2160
2148
2141
2134
2129
2116
2114
2109
2107
2106
2097
2091
2078
2079
2077
2090
2109
2133
2159
2177
2172
2163
2158
2143
2141
2145
2147
2150
2159
2165
2173
2184
2182
2183
2176
2174
2175
2180
2191
2193
2188
2182
2190
2182
2193
2193
2196
2196
2194
2194
2195
2193
2192
2183
2180
2177
2177
2175
2175
2170
2163
2161
2157
2155
2143
2139
2129
2123
2117
2113
2110
2099
2100
2091
2076
2066
2065
2072
2095
2126
2142
2160
2176
2166
2159
2150
2143
2142
2147
2144
2159
2161
2161
2178
2182
2187
2182
2177
2171
2181
2191
2191
2195
2190
2186
2188
2187
2187
2193
2199
2200
2203
2205
2197
2194
2193
2184
2176
2177
2177
2180
2187
2178
2172
2163
2164
2161
2152
2144
2130
2128
2118
2114
2112
2098
2103
2100
2092
2091
2085
2087
2095
2111
2136
2160
2177
2177
2162
2161
2148
2145
2158
2152
2160
2160
2164
2177
2187
2190
2183
2180
2177
2179
2192
2193
2194
2193
2190
2184
2184
2193
2193
2199
2208
2200
2204
2196
2194
2192
2187
2178
2178
2177
2177
2180
2174
2171
2168
2160
2157
2144
2136
2129
2125
2124
2114
2110
2103
2099
2087
2082
2076
2077
2081
2094
2113
2129
2159
2177
2176
2171
2155
2139
2131
2134
2136
2151
2158
2166
2176
2183
2187
2179
2175
2172
2177
2180
2186
2186
2187
2180
2180
2183
2183
2193
2192
2194
2194
2190
2189
2183
2179
2178
2171
2171
2172
2166
2172
2168
2161
2156
2144
2136
2135
2124
2124
2125
2110
2104
2096
2086
2087
2076
2071
2069
2065
2065
2082
2110
2126
2154
2170
2161
2146
2129
2126
2128
2138
2134
2137
2144
2149
2157
2174
2175
2163
2162
2154
2156
2167
2174
2170
2174
2161
2161
2170
2172
2178
2179
2182
2176
2176
2173
2174
2168
2162
2161
2156
2150
2158
2159
2152
2152
2142
2132
2131
2128
2112
2111
2098
2091
2087
2076
2078
2071
2070
2058
2054
2055
2046
2078
2097
2116
2145
2150
2144
2134
2120
2113
2112
2124
2120
2131
2131
2141
2154
2158
2158
2156
2145
2144
2161
2157
2161
2162
2161
2161
2159
2161
2165
2176
2170
2172
2167
2162
2163
2161
2161
2154
2153
2152
2144
2147
2150
2144
2139
2129
2129
2128
2116
2113
2110
2097
2091
2080
2074
2067
2065
2061
2063
2056
2058
2058
2065
2084
2097
2122
2136
2142
2140
2127
2118
2114
2113
2116
2126
2129
2130
2143
2150
2158
2158
2159
2154
2158
2157
2152
2152
2152
2155
2160
2160
2163
2168
2167
2174
2171
2166
2162
2161
2155
2159
2158
2149
2150
2150
2143
2145
2142
2130
2124
2119
2113
2111
2110
2097
2091
2083
2066
2065
2060
2056
2048
2046
2046
2048
2079
2104
2124
2154
2152
2144
2129
2116
2113
2115
2119
2119
2132
2138
2145
2161
2161
2164
2161
2151
2142
2154
2158
2161
2166
2171
2159
2163
2168
2174
2180
2184
2178
2178
2175
2173
2167
2163
2159
2159
2152
2154
2158
2155
2152
2143
2136
2132
2127
2120
2112
2109
2099
2095
2094
2082
2082
2073
2075
2065
2063
2048
2062
2066
2097
2113
2139
2154
2145
2140
2127
2122
2120
2129
2127
2131
2142
2150
2158
2163
2164
2161
2161
2158
2160
2172
2168
2169
2164
2162
2161
2172
2166
2174
2175
2174
2172
2174
2173
2174
2176
2164
2161
2161
2160
2159
2161
2158
2152
2148
2139
2130
2124
2118
2113
2107
2100
2095
2092
2081
2078
2067
2066
2062
2063
2065
2079
2096
2115
2146
2162
2161
2152
2132
2116
2118
2126
2132
2147
2152
2157
2161
2161
2165
2166
2161
2158
2161
2166
2171
2173
2170
2171
2166
2167
2176
2180
2184
2190
2187
2187
2182
2177
2171
2172
2166
2164
2161
2156
2156
2153
2159
2151
2144
2130
2128
2114
2109
2103
2102
2097
2090
2076
2066
2074
2070
2071
2072
2066
2071
2092
2113
2138
2156
2151
2142
2126
2118
2113
2119
2129
2135
2140
2138
2152
2159
2164
2162
2162
2160
2156
2158
2161
2164
2164
2163
2162
2162
2165
2166
2174
2168
2164
2162
2162
2162
2159
2158
2156
2155
2142
2142
2143
2138
2143
2134
2130
2123
2115
2102
2099
2087
2088
2080
2076
2065
2063
2054
2040
2039
2037
2047
2060
2090
2098
2119
2133
2124
2124
2108
2104
2098
2104
2108
2111
2124
2125
2141
2140
2150
2144
2135
2134
2139
2143
2140
2146
2142
2145
2143
2151
2151
2157
2161
2155
2151
2158
2155
2159
2147
2147
2133
2136
2132
2134
2134
2131
2123
2123
2114
2108
2102
2091
2088
2076
2069
2066
2064
2056
2053
2037
2037
2033
2034
2036
2046
2069
2094
2115
2131
2128
2119
2102
2097
2098
2093
2100
2102
2112
2119
2128
2131
2132
2133
2128
2130
2128
2134
2139
2140
2140
2143
2135
2135
2140
2146
2150
2152
2149
2146
2146
2138
2136
2132
2133
2128
2128
2126
2124
2129
2124
2115
2113
2099
2094
2090
2080
2079
2072
2065
2063
2054
2044
2040
2034
2033
2031
2027
2033
2055
2082
2100
2118
2114
2115
2100
2096
2086
2088
2096
2096
2103
2108
2118
2129
2130
2129
2131
2129
2126
2131
2129
2128
2124
2128
2124
2129
2134
2135
2143
2140
2134
2135
2139
2131
2129
2128
2122
2126
2128
2128
2128
2123
2116
2113
2104
2102
2097
2088
2081
2074
2066
2062
2048
2044
2033
2033
2031
2027
2026
2030
2033
2055
2069
2092
2109
2114
2112
2104
2096
2087
2087
2092
2097
2106
2113
2112
2124
2126
2119
2122
2122
2120
2128
2128
2124
2129
2129
2129
2130
2130
2129
2139
2136
2143
2143
2142
2131
2130
2129
2122
2129
2126
2124
2120
2122
2113
2112
2108
2100
2095
2088
2082
2082
2070
2070
2065
2046
2036
2033
2033
2033
2033
2031
2031
2034
2065
2082
2107
2114
2113
2108
2092
2088
2087
2091
2092
2097
2103
2107
2115
2125
2126
2129
2127
2124
2124
2131
2129
2132
2135
2129
2134
2136
2130
2142
2143
2142
2141
2138
2129
2129
2127
2127
2125
2119
2118
2119
2120
2115
2114
2110
2098
2097
2090
2082
2079
2065
2065
2055
2043
2034
2033
2036
2027
2023
2021
2018
2030
2041
2072
2090
2108
2108
2097
2097
2084
2085
2091
2091
2094
2100
2103
2111
2116
2124
2120
2120
2116
2120
2129
2123
2124
2119
2120
2119
2129
2129
2128
2139
2130
2131
2134
2128
2129
2123
2114
2113
2114
2116
2114
2113
2113
2101
2099
2094
2090
2086
2078
2075
2065
2058
2045
2034
2031
2033
2027
2024
2019
2015
2018
2023
2037
2065
2087
2099
2108
2104
2097
2083
2081
2080
2086
2085
2092
2100
2106
2113
2119
2116
2116
2114
2113
2122
2118
2116
2114
2118
2120
2129
2129
2131
2129
2129
2128
2129
2129
2128
2123
2120
2110
2114
2114
2113
2113
2111
2107
2097
2096
2091
2085
2076
2065
2061
2060
2054
2038
2033
2030
2026
2018
2018
2018
2022
2023
2035
2059
2077
2095
2100
2097
2088
2081
2071
2074
2072
2079
2084
2097
2100
2107
2120
2113
2113
2113
2104
2106
2111
2113
2113
2118
2113
2113
2122
2119
2123
2124
2118
2118
2118
2113
2115
2113
2103
2101
2103
2102
2106
2102
2097
2096
2090
2083
2078
2069
2064
2058
2056
2046
2034
2034
2018
2016
2010
2008
2011
2007
2012
2015
2038
2065
2086
2097
2088
2076
2070
2071
2066
2088
2086
2082
2088
2086
2094
2098
2111
2110
2115
2104
2107
2113
2113
2111
2112
2104
2104
2105
2112
2115
2131
2128
2127
2124
2113
2114
2111
2108
2103
2108
2098
2097
2100
2097
2097
2095
2082
2076
2065
2063
2048
2045
2040
2032
2023
2018
2008
2010
2016
2013
2010
2013
2026
2040
2066
2096
2097
2095
2078
2074
2064
2067
2070
2077
2080
2081
2096
2099
2113
2113
2113
2112
2103
2109
2113
2113
2122
2116
2115
2113
2120
2122
2127
2132
2126
2124
2119
2116
2115
2116
2112
2110
2110
2106
2100
2104
2098
2098
2092
2084
2078
2072
2065
2065
2058
2044
2033
2022
2018
2012
2010
2010
2006
2015
2013
2023
2040
2069
2087
2102
2097
2083
2071
2065
2066
2081
2091
2097
2097
2097
2103
2104
2110
2113
2113
2113
2115
2113
2113
2120
2117
2113
2111
2114
2120
2127
2129
2124
2129
2120
2119
2116
2112
2112
2111
2112
2108
2102
2100
2097
2092
2087
2082
2076
2066
2060
2045
2038
2033
2033
2027
2012
2003
1998
1993
1989
1988
2001
2020
2055
2081
2097
2097
2097
2079
2069
2060
2059
2065
2069
2078
2083
2084
2095
2102
2108
2099
2102
2097
2099
2110
2108
2104
2108
2104
2100
2108
2113
2119
2123
2124
2118
2116
2113
2112
2106
2100
2097
2095
2092
2088
2087
2086
2085
2076
2068
2065
2046
2043
2035
2032
2018
2013
2003
1998
1997
1996
1986
1991
1985
1998
2017
2043
2067
2086
2087
2070
2059
2044
2042
2047
2062
2065
2065
2080
2080
2091
2092
2088
2080
2078
2083
2093
2100
2100
2097
2091
2084
2087
2094
2097
2098
2100
2102
2098
2104
2099
2096
2091
2083
2081
2080
2078
2083
2079
2076
2065
2064
2048
2046
2033
2032
2018
2016
2003
1995
1992
1983
1980
1972
1970
1979
1979
1998
2014
2033
2059
2071
2065
2054
2052
2037
2036
2036
2038
2047
2063
2065
2078
2088
2086
2090
2080
2083
2080
2086
2092
2086
2090
2080
2084
2088
2096
2102
2102
2102
2097
2096
2094
2094
2092
2084
2080
2079
2081
2085
2085
2078
2074
2065
2055
2046
2043
2034
2033
2022
2010
2003
1999
1991
1990
1984
1974
1974
1969
1976
1990
2006
2035
2065
2077
2078
2067
2044
2043
2044
2037
2043
2044
2048
2066
2078
2090
2094
2083
2080
2075
2081
2092
2097
2094
2087
2086
2088
2095
2096
2099
2101
2101
2100
2097
2097
2094
2091
2086
2078
